Topic,FrameID,RosStamp,Latitude,Longitude,Altitude,NavSatStatus,SatelliteSystem,PositionCovarianceType,PositionCovariance
gps/filtered,base_link,1697615856.951279,34.774026667226394,135.5116554782629,96.9824446795529,STATUS_GBAS_FIX,SERVICE_GLONASS,COVARIANCE_TYPE_KNOWN,"[[857.699968792 ,1618.93504114 ,0.000361078334283], [1618.93504114 ,7231.83992855 ,-0.000308161173106], [0.000361078334283 ,-0.000308161173106 ,0.452266467818]]"
gps/filtered,base_link,1697615857.0183585,34.77402666667284,135.51165547990638,96.98244459075077,STATUS_GBAS_FIX,SERVICE_GLONASS,COVARIANCE_TYPE_KNOWN,"[[24.1984301369 ,0.275741652984 ,2.08854314211e-05], [0.275741652984 ,25.2841098259 ,-5.72871504742e-06], [2.08854314211e-05 ,-5.72871504742e-06 ,0.452333493984]]"
gps/filtered,base_link,1697615857.0530622,34.77402666634386,135.51165547941645,96.98244275517126,STATUS_GBAS_FIX,SERVICE_GLONASS,COVARIANCE_TYPE_KNOWN,"[[24.2331344714 ,0.275739592926 ,2.08200698087e-05], [0.275739592926 ,25.3188141737 ,-5.69087958802e-06], [2.08200698087e-05 ,-5.69087958802e-06 ,0.452368408862]]"
gps/filtered,base_link,1697615857.0855606,34.774026666836214,135.51165548011627,96.98244216500504,STATUS_GBAS_FIX,SERVICE_GLONASS,COVARIANCE_TYPE_KNOWN,"[[24.2656267621 ,0.275723621372 ,2.08132988739e-05], [0.275723621372 ,25.3513598909 ,-5.68999516944e-06], [2.08132988739e-05 ,-5.68999516944e-06 ,0.452400921357]]"
gps/filtered,base_link,1697615857.1177433,34.77402666684034,135.51165548011917,96.98244143233715,STATUS_GBAS_FIX,SERVICE_GLONASS,COVARIANCE_TYPE_KNOWN,"[[24.2978100605 ,0.275723554587 ,2.07792496792e-05], [0.275723554587 ,25.3835453426 ,-5.66882023515e-06], [2.07792496792e-05 ,-5.66882023515e-06 ,0.452433217223]]"
gps/filtered,base_link,1697615857.186461,34.77402666683808,135.511655480119,96.98244145187022,STATUS_GBAS_FIX,SERVICE_GLONASS,COVARIANCE_TYPE_KNOWN,"[[24.3665302232 ,0.275724660893 ,2.06687450517e-05], [0.275724660893 ,25.4522669311 ,-5.6011951024e-06], [2.06687450517e-05 ,-5.6011951024e-06 ,0.452502300223]]"
gps/filtered,base_link,1697615857.2524612,34.77402666683799,135.51165548012017,96.98244075818864,STATUS_GBAS_FIX,SERVICE_GLONASS,COVARIANCE_TYPE_KNOWN,"[[24.4325321094 ,0.275725836541 ,2.06030633192e-05], [0.275725836541 ,25.5182698592 ,-5.56426709205e-06], [2.06030633192e-05 ,-5.56426709205e-06 ,0.452568509537]]"
gps/filtered,base_link,1697615857.2855053,34.77402666683871,135.51165548012133,96.98244073256272,STATUS_GBAS_FIX,SERVICE_GLONASS,COVARIANCE_TYPE_KNOWN,"[[24.4655772267 ,0.275726725402 ,2.05644424167e-05], [0.275726725402 ,25.5513156488 ,-5.54077144682e-06], [2.05644424167e-05 ,-5.54077144682e-06 ,0.452601680815]]"
gps/filtered,base_link,1697615857.3169906,34.774026666841195,135.5116554801208,96.98243945456365,STATUS_GBAS_FIX,SERVICE_GLONASS,COVARIANCE_TYPE_KNOWN,"[[24.4970633074 ,0.275727036094 ,2.05310400543e-05], [0.275727036094 ,25.5828018601 ,-5.52348782309e-06], [2.05310400543e-05 ,-5.52348782309e-06 ,0.452633269189]]"
gps/filtered,base_link,1697615857.3514304,34.774026666845614,135.5116554801225,96.98243960256339,STATUS_GBAS_FIX,SERVICE_GLONASS,COVARIANCE_TYPE_KNOWN,"[[24.5315036403 ,0.275726788349 ,2.04982308079e-05], [0.275726788349 ,25.6172438111 ,-5.50469177383e-06], [2.04982308079e-05 ,-5.50469177383e-06 ,0.452667813825]]"
gps/filtered,base_link,1697615857.4176571,34.77402666684623,135.51165548012858,96.9824391342255,STATUS_GBAS_FIX,SERVICE_GLONASS,COVARIANCE_TYPE_KNOWN,"[[24.5977325619 ,0.275727285158 ,2.03885509932e-05], [0.275727285158 ,25.6834763117 ,-5.4351828026e-06], [2.03885509932e-05 ,-5.4351828026e-06 ,0.452734407748]]"
gps/filtered,base_link,1697615857.4838467,34.774026666843774,135.5116554801316,96.98243782974659,STATUS_GBAS_FIX,SERVICE_GLONASS,COVARIANCE_TYPE_KNOWN,"[[24.6639236698 ,0.275728091125 ,2.03211370927e-05], [0.275728091125 ,25.7496685168 ,-5.3976373086e-06], [2.03211370927e-05 ,-5.3976373086e-06 ,0.452800812097]]"
gps/filtered,base_link,1697615857.5180988,34.774026666841685,135.51165548013324,96.98243787600914,STATUS_GBAS_FIX,SERVICE_GLONASS,COVARIANCE_TYPE_KNOWN,"[[24.6981767601 ,0.275728716765 ,2.02830357458e-05], [0.275728716765 ,25.783922399 ,-5.37470717232e-06], [2.02830357458e-05 ,-5.37470717232e-06 ,0.452835188856]]"
gps/filtered,base_link,1697615857.5529776,34.77402666684486,135.51165548013927,96.98243604794472,STATUS_GBAS_FIX,SERVICE_GLONASS,COVARIANCE_TYPE_KNOWN,"[[24.7330566529 ,0.275728631594 ,2.02204683594e-05], [0.275728631594 ,25.8188036296 ,-5.33617514072e-06], [2.02204683594e-05 ,-5.33617514072e-06 ,0.452870274369]]"
gps/filtered,base_link,1697615857.5855312,34.774026666835006,135.51165548014333,96.98243745713786,STATUS_GBAS_FIX,SERVICE_GLONASS,COVARIANCE_TYPE_KNOWN,"[[24.7656117465 ,0.275730305141 ,2.01726497285e-05], [0.275730305141 ,25.8513590398 ,-5.30487576251e-06], [2.01726497285e-05 ,-5.30487576251e-06 ,0.45290299114]]"
gps/filtered,base_link,1697615857.6522176,34.77402666684054,135.5116554801472,96.98243734692558,STATUS_GBAS_FIX,SERVICE_GLONASS,COVARIANCE_TYPE_KNOWN,"[[24.832299491 ,0.275730450896 ,2.01062391568e-05], [0.275730450896 ,25.9180486233 ,-5.26898312689e-06], [2.01062391568e-05 ,-5.26898312689e-06 ,0.452969886212]]"
gps/filtered,base_link,1697615857.7169464,34.77402666683664,135.51165548014515,96.98243642922573,STATUS_GBAS_FIX,SERVICE_GLONASS,COVARIANCE_TYPE_KNOWN,"[[24.8970296733 ,0.275730601788 ,2.00345625377e-05], [0.275730601788 ,25.9827800711 ,-5.22791718186e-06], [2.00345625377e-05 ,-5.22791718186e-06 ,0.453034844731]]"
gps/filtered,base_link,1697615857.751782,34.774026666835915,135.51165548015172,96.98243675897552,STATUS_GBAS_FIX,SERVICE_GLONASS,COVARIANCE_TYPE_KNOWN,"[[24.9318660629 ,0.275731119265 ,2.00020895913e-05], [0.275731119265 ,26.0176168615 ,-5.20828014945e-06], [2.00020895913e-05 ,-5.20828014945e-06 ,0.453069787313]]"
gps/filtered,base_link,1697615857.7832966,34.77402666682716,135.51165548014728,96.98243754074906,STATUS_GBAS_FIX,SERVICE_GLONASS,COVARIANCE_TYPE_KNOWN,"[[24.9633823017 ,0.275731906399 ,1.99338593915e-05], [0.275731906399 ,26.0491321571 ,-5.16343013939e-06], [1.99338593915e-05 ,-5.16343013939e-06 ,0.453101535177]]"
gps/filtered,base_link,1697615857.8183458,34.774026666842566,135.51165548015953,96.98243441662902,STATUS_GBAS_FIX,SERVICE_GLONASS,COVARIANCE_TYPE_KNOWN,"[[24.9984319694 ,0.275731000671 ,1.98947175331e-05], [0.275731000671 ,26.0841833243 ,-5.13979749466e-06], [1.98947175331e-05 ,-5.13979749467e-06 ,0.453136712933]]"
gps/filtered,base_link,1697615857.8865294,34.77402666684541,135.51165548017542,96.98243158747334,STATUS_GBAS_FIX,SERVICE_GLONASS,COVARIANCE_TYPE_KNOWN,"[[25.066617305 ,0.275731696436 ,1.98232052278e-05], [0.275731696436 ,26.1523688207 ,-5.0976247839e-06], [1.98232052278e-05 ,-5.0976247839e-06 ,0.453205128844]]"
gps/filtered,base_link,1697615857.9517539,34.774026666846225,135.51165548019594,96.98242832113905,STATUS_GBAS_FIX,SERVICE_GLONASS,COVARIANCE_TYPE_KNOWN,"[[25.1318436798 ,0.275732734141 ,1.97362409151e-05], [0.275732734141 ,26.2175978734 ,-5.04490923215e-06], [1.97362409151e-05 ,-5.04490923215e-06 ,0.453270637912]]"
gps/filtered,base_link,1697615857.9855342,34.77403545789749,135.51167239059353,96.98243168482072,STATUS_GBAS_FIX,SERVICE_GLONASS,COVARIANCE_TYPE_KNOWN,"[[12.6564706832 ,0.0681723145448 ,9.87633284668e-06], [0.0681723145448 ,12.9249129739 ,-2.49802759799e-06], [9.87633284668e-06 ,-2.49802759799e-06 ,0.453304607856]]"
gps/filtered,base_link,1697615858.0176666,34.774035457894655,135.51167239059237,96.98243076938734,STATUS_GBAS_FIX,SERVICE_GLONASS,COVARIANCE_TYPE_KNOWN,"[[12.6886039163 ,0.0681727162673 ,9.84023052078e-06], [0.0681727162673 ,12.9570461824 ,-2.48025682966e-06], [9.84023052078e-06 ,-2.48025682966e-06 ,0.453336850421]]"
gps/filtered,base_link,1697615858.0855467,34.77403545809407,135.5116723908814,96.98243088458139,STATUS_GBAS_FIX,SERVICE_GLONASS,COVARIANCE_TYPE_KNOWN,"[[12.7564822534 ,0.0681644807841 ,9.7662786237e-06], [0.0681644807841 ,13.0249548259 ,-2.4382847117e-06], [9.7662786237e-06 ,-2.4382847117e-06 ,0.45340496808]]"
gps/filtered,base_link,1697615858.1175587,34.774035457903594,135.51167239060067,96.98243182439629,STATUS_GBAS_FIX,SERVICE_GLONASS,COVARIANCE_TYPE_KNOWN,"[[12.7884983951 ,0.0681735611254 ,9.7314226528e-06], [0.0681735611254 ,13.0569420847 ,-2.42056406421e-06], [9.7314226528e-06 ,-2.42056406421e-06 ,0.453437088626]]"
gps/filtered,base_link,1697615858.1514328,34.77403545790389,135.51167239060084,96.98243179462487,STATUS_GBAS_FIX,SERVICE_GLONASS,COVARIANCE_TYPE_KNOWN,"[[12.8223730157 ,0.0681735169859 ,9.70059611693e-06], [0.0681735169859 ,13.0908166585 ,-2.40369278263e-06], [9.70059611693e-06 ,-2.40369278263e-06 ,0.453471059653]]"
gps/filtered,base_link,1697615858.186339,34.77403545793608,135.51167239058282,96.9824345101551,STATUS_GBAS_FIX,SERVICE_GLONASS,COVARIANCE_TYPE_KNOWN,"[[12.8572807321 ,0.0681727820289 ,9.6034095604e-06], [0.0681727820289 ,13.1257233588 ,-2.34045512506e-06], [9.6034095604e-06 ,-2.34045512506e-06 ,0.453506284469]]"
gps/filtered,base_link,1697615858.218802,34.77403545696581,135.5116723892479,96.9824452012339,STATUS_GBAS_FIX,SERVICE_GLONASS,COVARIANCE_TYPE_KNOWN,"[[12.8897473564 ,0.0681800813 ,9.5862975694e-06], [0.0681800813 ,13.1581487897 ,-2.33297847838e-06], [9.5862975694e-06 ,-2.33297847838e-06 ,0.45353879309]]"
gps/filtered,base_link,1697615858.250315,34.774035456302904,135.5116723881948,96.98244461553274,STATUS_GBAS_FIX,SERVICE_GLONASS,COVARIANCE_TYPE_KNOWN,"[[12.9212686718 ,0.0681985390277 ,9.53497884047e-06], [0.0681985390277 ,13.1895955995 ,-2.30136697766e-06], [9.53497884047e-06 ,-2.30136697766e-06 ,0.453570457699]]"
gps/filtered,base_link,1697615858.318452,34.77403545142424,135.51167238129602,96.98247535153764,STATUS_GBAS_FIX,SERVICE_GLONASS,COVARIANCE_TYPE_KNOWN,"[[12.9894420813 ,0.0682871039566 ,9.46868777017e-06], [0.0682871039566 ,13.2574351117 ,-2.2588758108e-06], [9.46868777017e-06 ,-2.2588758108e-06 ,0.45363878678]]"
gps/filtered,base_link,1697615858.383747,34.77403543952874,135.511672363691,96.98250880997387,STATUS_GBAS_FIX,SERVICE_GLONASS,COVARIANCE_TYPE_KNOWN,"[[13.0548273691 ,0.0685081858379 ,9.3993904407e-06], [0.0685081858379 ,13.3220192145 ,-2.20372905367e-06], [9.3993904407e-06 ,-2.20372905367e-06 ,0.453704301454]]"
gps/filtered,base_link,1697615858.4199364,34.77403543071301,135.51167234956444,96.98251962176373,STATUS_GBAS_FIX,SERVICE_GLONASS,COVARIANCE_TYPE_KNOWN,"[[13.0911094035 ,0.0687260604602 ,9.31452443051e-06], [0.0687260604602 ,13.3574493714 ,-2.10710208401e-06], [9.31452443051e-06 ,-2.10710208401e-06 ,0.453740793825]]"
gps/filtered,base_link,1697615858.4528487,34.77403542249548,135.51167233550652,96.98252047930004,STATUS_GBAS_FIX,SERVICE_GLONASS,COVARIANCE_TYPE_KNOWN,"[[13.1240954632 ,0.0688949312577 ,9.30082870905e-06], [0.0688949312577 ,13.3897245036 ,-2.08677667339e-06], [9.30082870905e-06 ,-2.08677667339e-06 ,0.453773775374]]"
gps/filtered,base_link,1697615858.4857757,34.77403541335798,135.51167231799138,96.98251597306808,STATUS_GBAS_FIX,SERVICE_GLONASS,COVARIANCE_TYPE_KNOWN,"[[13.1571065658 ,0.0690754968233 ,9.27460975346e-06], [0.0690754968233 ,13.421855721 ,-2.0413413767e-06], [9.27460975346e-06 ,-2.0413413767e-06 ,0.453806834227]]"
gps/filtered,base_link,1697615858.5521307,34.7740353952568,135.5116722720806,96.98247473922851,STATUS_GBAS_FIX,SERVICE_GLONASS,COVARIANCE_TYPE_KNOWN,"[[13.2236419293 ,0.0694084571645 ,9.25100827099e-06], [0.0694084571645 ,13.4860793542 ,-1.96396427127e-06], [9.25100827099e-06 ,-1.96396427127e-06 ,0.453873403574]]"
gps/filtered,base_link,1697615858.618121,34.77403538134565,135.5116722009799,96.98244300303283,STATUS_GBAS_FIX,SERVICE_GLONASS,COVARIANCE_TYPE_KNOWN,"[[13.2897850171 ,0.0695196563974 ,9.23192282573e-06], [0.0695196563974 ,13.5486477282 ,-1.8157533408e-06], [9.23192282573e-06 ,-1.8157533408e-06 ,0.453939766586]]"
gps/filtered,base_link,1697615858.651997,34.77403537935418,135.51167216478794,96.98246019588004,STATUS_GBAS_FIX,SERVICE_GLONASS,COVARIANCE_TYPE_KNOWN,"[[13.3236881938 ,0.069424631831 ,9.21521604844e-06], [0.069424631831 ,13.5807403515 ,-1.74879318518e-06], [9.21521604844e-06 ,-1.74879318518e-06 ,0.45397382749]]"
gps/filtered,base_link,1697615858.6834698,34.774035381697985,135.51167212474675,96.98250984464262,STATUS_GBAS_FIX,SERVICE_GLONASS,COVARIANCE_TYPE_KNOWN,"[[13.3551440214 ,0.0692059301889 ,9.21092418669e-06], [0.0692059301889 ,13.6103615317 ,-1.75349501041e-06], [9.21092418669e-06 ,-1.75349501041e-06 ,0.454005333167]]"
gps/filtered,base_link,1697615858.7163954,34.774035388323675,135.51167208368784,96.9825757792174,STATUS_GBAS_FIX,SERVICE_GLONASS,COVARIANCE_TYPE_KNOWN,"[[13.388011174 ,0.0688637587079 ,9.20545326966e-06], [0.0688637587079 ,13.6413273533 ,-1.71456901703e-06], [9.20545326967e-06 ,-1.71456901703e-06 ,0.454038389897]]"
gps/filtered,base_link,1697615858.7864635,34.77403541724951,135.51167199445248,96.98273946392226,STATUS_GBAS_FIX,SERVICE_GLONASS,COVARIANCE_TYPE_KNOWN,"[[13.4577864918 ,0.0676805379746 ,9.19664281055e-06], [0.0676805379746 ,13.7072204606 ,-1.65076272382e-06], [9.19664281055e-06 ,-1.65076272382e-06 ,0.454108694196]]"
gps/filtered,base_link,1697615858.8517537,34.77403547282405,135.51167189300673,96.9829553135735,STATUS_GBAS_FIX,SERVICE_GLONASS,COVARIANCE_TYPE_KNOWN,"[[13.5225670905 ,0.065844448674 ,9.20703417297e-06], [0.065844448674 ,13.7681193317 ,-1.54604268947e-06], [9.20703417297e-06 ,-1.54604268947e-06 ,0.454174334706]]"
gps/filtered,base_link,1697615858.8855236,34.77403550507315,135.51167185119064,96.98302039165361,STATUS_GBAS_FIX,SERVICE_GLONASS,COVARIANCE_TYPE_KNOWN,"[[13.5560547412 ,0.0648434988293 ,9.22002995123e-06], [0.0648434988292 ,13.8000584626 ,-1.518082235e-06], [9.22002995123e-06 ,-1.518082235e-06 ,0.45420823666]]"
gps/filtered,base_link,1697615858.9171312,34.77403554027963,135.51167181399626,96.98301601327307,STATUS_GBAS_FIX,SERVICE_GLONASS,COVARIANCE_TYPE_KNOWN,"[[13.5873616812 ,0.0637583638933 ,9.22836415044e-06], [0.0637583638933 ,13.8300028741 ,-1.50393834535e-06], [9.22836415045e-06 ,-1.50393834535e-06 ,0.454239949892]]"
gps/filtered,base_link,1697615858.9511287,34.77403558382378,135.51167177686764,96.98302715864068,STATUS_GBAS_FIX,SERVICE_GLONASS,COVARIANCE_TYPE_KNOWN,"[[13.6210256779 ,0.0625046634842 ,9.23587535441e-06], [0.0625046634842 ,13.8624000659 ,-1.49454555143e-06], [9.23587535441e-06 ,-1.49454555143e-06 ,0.454274053329]]"
gps/filtered,base_link,1697615859.0201094,34.77404417673645,135.51169455520161,96.98309534585101,STATUS_GBAS_FIX,SERVICE_GLONASS,COVARIANCE_TYPE_KNOWN,"[[8.92709381471 ,0.0245065914989 ,6.07677833913e-06], [0.0245065914989 ,9.02740077386 ,-9.37946107147e-07], [6.07677833913e-06 ,-9.37946107147e-07 ,0.454343399629]]"
gps/filtered,base_link,1697615859.084531,34.77404429586664,135.51169451805382,96.98303454283015,STATUS_GBAS_FIX,SERVICE_GLONASS,COVARIANCE_TYPE_KNOWN,"[[8.99125964857 ,0.0223580478869 ,6.08573589827e-06], [0.0223580478869 ,9.0906643193 ,-9.39596782932e-07], [6.08573589827e-06 ,-9.39596782933e-07 ,0.454408044115]]"
gps/filtered,base_link,1697615859.1169884,34.77404435813803,135.51169451067454,96.98299332545795,STATUS_GBAS_FIX,SERVICE_GLONASS,COVARIANCE_TYPE_KNOWN,"[[9.02369275371 ,0.0213337344358 ,6.0978882671e-06], [0.0213337344358 ,9.12289956768 ,-9.46774810149e-07], [6.0978882671e-06 ,-9.46774810149e-07 ,0.454440620698]]"
gps/filtered,base_link,1697615859.1529174,34.77404442923878,135.5116945091794,96.98294310941831,STATUS_GBAS_FIX,SERVICE_GLONASS,COVARIANCE_TYPE_KNOWN,"[[9.05967774345 ,0.0201424737617 ,6.1395569256e-06], [0.0201424737617 ,9.15876180813 ,-9.61127517007e-07], [6.1395569256e-06 ,-9.61127517008e-07 ,0.454476758468]]"
gps/filtered,base_link,1697615859.184985,34.77404449688315,135.5116945134204,96.98282320717661,STATUS_GBAS_FIX,SERVICE_GLONASS,COVARIANCE_TYPE_KNOWN,"[[9.09188117265 ,0.0190087592476 ,6.09886945896e-06], [0.0190087592476 ,9.1909377129 ,-9.67497715771e-07], [6.09886945896e-06 ,-9.67497715771e-07 ,0.454508839913]]"
gps/filtered,base_link,1697615859.2503772,34.774044660130855,135.5116945394113,96.98227414345772,STATUS_GBAS_FIX,SERVICE_GLONASS,COVARIANCE_TYPE_KNOWN,"[[9.15789912871 ,0.0163417375789 ,6.11026704634e-06], [0.0163417375789 ,9.2570457158 ,-1.01931363898e-06], [6.11026704634e-06 ,-1.01931363898e-06 ,0.45457457998]]"
gps/filtered,base_link,1697615859.3186114,34.77404481152287,135.51169457550196,96.98183685285643,STATUS_GBAS_FIX,SERVICE_GLONASS,COVARIANCE_TYPE_KNOWN,"[[9.22715368192 ,0.0136664359746 ,6.05069234414e-06], [0.0136664359746 ,9.32626535579 ,-1.06306885993e-06], [6.05069234414e-06 ,-1.06306885993e-06 ,0.454643061921]]"
gps/filtered,base_link,1697615859.353021,34.77404489227797,135.51169459664538,96.98173714121614,STATUS_GBAS_FIX,SERVICE_GLONASS,COVARIANCE_TYPE_KNOWN,"[[9.26227120383 ,0.0122058237227 ,6.01990900608e-06], [0.0122058237227 ,9.36125765356 ,-1.06024720141e-06], [6.01990900608e-06 ,-1.06024720141e-06 ,0.454677559762]]"
gps/filtered,base_link,1697615859.3855247,34.774044968683555,135.51169461580363,96.98165034737856,STATUS_GBAS_FIX,SERVICE_GLONASS,COVARIANCE_TYPE_KNOWN,"[[9.29555514113 ,0.0107903053095 ,6.00669976065e-06], [0.0107903053095 ,9.39435035233 ,-1.06352329769e-06], [6.00669976065e-06 ,-1.06352329769e-06 ,0.454710189864]]"
gps/filtered,base_link,1697615859.4520278,34.77404516748165,135.51169465860164,96.98119754422811,STATUS_GBAS_FIX,SERVICE_GLONASS,COVARIANCE_TYPE_KNOWN,"[[9.3643257175 ,0.00739336510365 ,5.99569521903e-06], [0.00739336510365 ,9.46200687291 ,-1.11746446877e-06], [5.99569521903e-06 ,-1.11746446877e-06 ,0.454777105565]]"
gps/filtered,base_link,1697615859.4848058,34.77404524439735,135.51169466969714,96.98095008890019,STATUS_GBAS_FIX,SERVICE_GLONASS,COVARIANCE_TYPE_KNOWN,"[[9.39839272592 ,0.00576724570403 ,5.94663124245e-06], [0.00576724570403 ,9.49518912609 ,-1.12005772677e-06], [5.94663124245e-06 ,-1.12005772677e-06 ,0.454809917176]]"
gps/filtered,base_link,1697615859.519292,34.77404533500822,135.5116946786301,96.98073052406025,STATUS_GBAS_FIX,SERVICE_GLONASS,COVARIANCE_TYPE_KNOWN,"[[9.4343510241 ,0.00411268439767 ,5.91056705011e-06], [0.00411268439767 ,9.52991666496 ,-1.13486861304e-06], [5.91056705011e-06 ,-1.13486861304e-06 ,0.454844521595]]"
gps/filtered,base_link,1697615859.5512767,34.77404542087846,135.5116946838371,96.98045610875877,STATUS_GBAS_FIX,SERVICE_GLONASS,COVARIANCE_TYPE_KNOWN,"[[9.46783373195 ,0.00258674979016 ,5.91481455191e-06], [0.00258674979016 ,9.56203786977 ,-1.1591068748e-06], [5.91481455191e-06 ,-1.1591068748e-06 ,0.45487666826]]"
gps/filtered,base_link,1697615859.5831356,34.77404551025332,135.51169468640524,96.9802392923293,STATUS_GBAS_FIX,SERVICE_GLONASS,COVARIANCE_TYPE_KNOWN,"[[9.50142370093 ,0.000969224677195 ,5.88183355847e-06], [0.000969224677192 ,9.59399272672 ,-1.1649106211e-06], [5.88183355847e-06 ,-1.1649106211e-06 ,0.454908577272]]"
gps/filtered,base_link,1697615859.6184347,34.77404560641644,135.5116946863066,96.98017275169235,STATUS_GBAS_FIX,SERVICE_GLONASS,COVARIANCE_TYPE_KNOWN,"[[9.53873003325 ,-0.000732444340457 ,5.9746784439e-06], [-0.00073244434046 ,9.62929173091 ,-1.22594004495e-06], [5.9746784439e-06 ,-1.22594004495e-06 ,0.454944268521]]"
gps/filtered,base_link,1697615859.685534,34.77404582611413,135.51169467691702,96.97931722099068,STATUS_GBAS_FIX,SERVICE_GLONASS,COVARIANCE_TYPE_KNOWN,"[[9.61094434608 ,-0.00449024850244 ,5.88059777388e-06], [-0.00449024850245 ,9.69616095569 ,-1.25130506816e-06], [5.88059777388e-06 ,-1.25130506816e-06 ,0.455011474351]]"
gps/filtered,base_link,1697615859.7531295,34.77404603068657,135.51169465884738,96.97915730984502,STATUS_GBAS_FIX,SERVICE_GLONASS,COVARIANCE_TYPE_KNOWN,"[[9.68409366299 ,-0.00787279761219 ,5.82307078786e-06], [-0.00787279761219 ,9.76323401788 ,-1.27179453856e-06], [5.82307078786e-06 ,-1.27179453856e-06 ,0.455079280754]]"
gps/filtered,base_link,1697615859.785547,34.77404613525721,135.5116946435247,96.97930415514676,STATUS_GBAS_FIX,SERVICE_GLONASS,COVARIANCE_TYPE_KNOWN,"[[9.71964378595 ,-0.00951714870116 ,5.7910532737e-06], [-0.00951714870117 ,9.7952223289 ,-1.26073537229e-06], [5.7910532737e-06 ,-1.26073537229e-06 ,0.455111822584]]"
gps/filtered,base_link,1697615859.816924,34.77404623598134,135.51169462318794,96.97958889838326,STATUS_GBAS_FIX,SERVICE_GLONASS,COVARIANCE_TYPE_KNOWN,"[[9.75417030638 ,-0.0109686163637 ,5.74738474757e-06], [-0.0109686163637 ,9.82600662781 ,-1.25393207529e-06], [5.74738474757e-06 ,-1.25393207529e-06 ,0.455143298033]]"
gps/filtered,base_link,1697615859.851972,34.774046351393935,135.51169459293317,96.98003252657469,STATUS_GBAS_FIX,SERVICE_GLONASS,COVARIANCE_TYPE_KNOWN,"[[9.79311194626 ,-0.0125064041887 ,5.74382522694e-06], [-0.0125064041887 ,9.86013627078 ,-1.20344326957e-06], [5.74382522694e-06 ,-1.20344326957e-06 ,0.455178655854]]"
gps/filtered,base_link,1697615859.918887,34.77404660444084,135.51169449586283,96.9809443320433,STATUS_GBAS_FIX,SERVICE_GLONASS,COVARIANCE_TYPE_KNOWN,"[[9.86920746022 ,-0.0152116352631 ,5.61251860078e-06], [-0.0152116352631 ,9.92439793081 ,-1.20526908863e-06], [5.61251860078e-06 ,-1.20526908863e-06 ,0.455245728507]]"
gps/filtered,base_link,1697615859.9867105,34.77404682412449,135.5116943669067,96.98192417061041,STATUS_GBAS_FIX,SERVICE_GLONASS,COVARIANCE_TYPE_KNOWN,"[[9.94581323493 ,-0.0165278137944 ,5.50220757669e-06], [-0.0165278137944 ,9.98894877663 ,-1.18450519109e-06], [5.50220757669e-06 ,-1.18450519109e-06 ,0.455313784603]]"
gps/filtered,base_link,1697615860.017919,34.7740496936517,135.5117085059714,96.98261099499233,STATUS_GBAS_FIX,SERVICE_GLONASS,COVARIANCE_TYPE_KNOWN,"[[7.17353253191 ,-0.00868345013109 ,3.88962367005e-06], [-0.0086834501311 ,7.19156370832 ,-8.37479162853e-07], [3.88962367005e-06 ,-8.37479162853e-07 ,0.455345096568]]"
gps/filtered,base_link,1697615860.052395,34.7740498031944,135.51170842303114,96.98325961126406,STATUS_GBAS_FIX,SERVICE_GLONASS,COVARIANCE_TYPE_KNOWN,"[[7.21153901063 ,-0.00872439995515 ,3.85239564259e-06], [-0.00872439995515 ,7.22473109603 ,-7.74523009221e-07], [3.85239564259e-06 ,-7.74523009221e-07 ,0.455379811767]]"
gps/filtered,base_link,1697615860.0864875,34.77404994392439,135.51170831202515,96.98402703807544,STATUS_GBAS_FIX,SERVICE_GLONASS,COVARIANCE_TYPE_KNOWN,"[[7.25046542094 ,-0.00844878089834 ,3.78381372994e-06], [-0.00844878089834 ,7.25708373973 ,-7.74447768679e-07], [3.78381372994e-06 ,-7.74447768679e-07 ,0.45541403669]]"
gps/filtered,base_link,1697615860.1518726,34.77405014809359,135.51170812164202,96.98640231221131,STATUS_GBAS_FIX,SERVICE_GLONASS,COVARIANCE_TYPE_KNOWN,"[[7.32349881017 ,-0.007185480198 ,3.64208560219e-06], [-0.00718548019801 ,7.31980444995 ,-7.34694704098e-07], [3.64208560219e-06 ,-7.34694704098e-07 ,0.455479640688]]"
gps/filtered,base_link,1697615860.2194445,34.77405035306478,135.5117078901224,96.98946443810051,STATUS_GBAS_FIX,SERVICE_GLONASS,COVARIANCE_TYPE_KNOWN,"[[7.39937623863 ,-0.00467623859217 ,3.48895338191e-06], [-0.00467623859218 ,7.38472437024 ,-6.34131135678e-07], [3.48895338191e-06 ,-6.34131135678e-07 ,0.455547501228]]"
gps/filtered,base_link,1697615860.2516367,34.77405044800371,135.5117077701306,96.99100967994711,STATUS_GBAS_FIX,SERVICE_GLONASS,COVARIANCE_TYPE_KNOWN,"[[7.43561866152 ,-0.00305174930414 ,3.4802846437e-06], [-0.00305174930415 ,7.41578381816 ,-3.01141119316e-07], [3.4802846437e-06 ,-3.01141119316e-07 ,0.455580263975]]"
gps/filtered,base_link,1697615860.2839592,34.77405057016865,135.51170761441932,96.99310795306518,STATUS_GBAS_FIX,SERVICE_GLONASS,COVARIANCE_TYPE_KNOWN,"[[7.47257547316 ,-0.00092325218478 ,3.36367203479e-06], [-0.000923252184784 ,7.44698635493 ,-4.9066594256e-07], [3.36367203479e-06 ,-4.9066594256e-07 ,0.455612373155]]"
gps/filtered,base_link,1697615860.3177161,34.774050668979356,135.51170747222184,96.99520573546035,STATUS_GBAS_FIX,SERVICE_GLONASS,COVARIANCE_TYPE_KNOWN,"[[7.51136895799 ,0.00178091193129 ,3.2853408635e-06], [0.00178091193128 ,7.47974596768 ,-4.39198130742e-07], [3.2853408635e-06 ,-4.39198130742e-07 ,0.455646281339]]"
gps/filtered,base_link,1697615860.3864486,34.77405085397985,135.51170717258915,96.99994789747424,STATUS_GBAS_FIX,SERVICE_GLONASS,COVARIANCE_TYPE_KNOWN,"[[7.58889630092 ,0.00760363151345 ,3.1305955835e-06], [0.00760363151344 ,7.54740055906 ,-2.82336825622e-07], [3.1305955835e-06 ,-2.82336825623e-07 ,0.455715332327]]"
gps/filtered,base_link,1697615860.4519641,34.77405101508045,135.51170687648695,97.00329778825287,STATUS_GBAS_FIX,SERVICE_GLONASS,COVARIANCE_TYPE_KNOWN,"[[7.66240583334 ,0.0142071682744 ,3.04913664705e-06], [0.0142071682744 ,7.6129118494 ,-1.04116211485e-07], [3.04913664705e-06 ,-1.04116211485e-07 ,0.455781229705]]"
gps/filtered,base_link,1697615860.4855065,34.774051107000346,135.5117066987987,97.00495789933106,STATUS_GBAS_FIX,SERVICE_GLONASS,COVARIANCE_TYPE_KNOWN,"[[7.69973294504 ,0.0177724251222 ,3.03686668584e-06], [0.0177724251222 ,7.64686443099 ,2.56258043569e-08], [3.03686668584e-06 ,2.56258043567e-08 ,0.455815014445]]"
gps/filtered,base_link,1697615860.5177267,34.774051187723444,135.5117065135176,97.00639375045614,STATUS_GBAS_FIX,SERVICE_GLONASS,COVARIANCE_TYPE_KNOWN,"[[7.73685030728 ,0.022831546235 ,2.98189834938e-06], [0.022831546235 ,7.68008353533 ,4.65904200064e-08], [2.98189834937e-06 ,4.65904200061e-08 ,0.455847379916]]"
gps/filtered,base_link,1697615860.552143,34.77405125094665,135.51170634062407,97.00745053671895,STATUS_GBAS_FIX,SERVICE_GLONASS,COVARIANCE_TYPE_KNOWN,"[[7.77460343187 ,0.0272018397044 ,2.94156009219e-06], [0.0272018397044 ,7.71573134722 ,6.3586910685e-08], [2.94156009219e-06 ,6.35869106847e-08 ,0.455881921168]]"
gps/filtered,base_link,1697615860.6172137,34.77405136118186,135.5117059839494,97.00889216608886,STATUS_GBAS_FIX,SERVICE_GLONASS,COVARIANCE_TYPE_KNOWN,"[[7.84560030248 ,0.0364115892863 ,2.89993754696e-06], [0.0364115892863 ,7.78441597993 ,1.44787634118e-07], [2.89993754696e-06 ,1.44787634118e-07 ,0.455947303591]]"
gps/filtered,base_link,1697615860.8523636,34.774051649381775,135.5117044819411,97.0093066230132,STATUS_GBAS_FIX,SERVICE_GLONASS,COVARIANCE_TYPE_KNOWN,"[[8.09556906117 ,0.0780313798758 ,3.00091388326e-06], [0.0780313798758 ,8.05176073517 ,5.19284414e-07], [3.00091388326e-06 ,5.19284414e-07 ,0.456183841008]]"
gps/filtered,base_link,1697615860.8866086,34.774051670102885,135.51170425679564,97.00906356790864,STATUS_GBAS_FIX,SERVICE_GLONASS,COVARIANCE_TYPE_KNOWN,"[[8.1306353158 ,0.0841642748692 ,3.03826706824e-06], [0.0841642748692 ,8.09305870709 ,6.15060350787e-07], [3.03826706824e-06 ,6.15060350787e-07 ,0.456218334242]]"
gps/filtered,base_link,1697615860.9195533,34.77405169042945,135.5117039668267,97.00925386782684,STATUS_GBAS_FIX,SERVICE_GLONASS,COVARIANCE_TYPE_KNOWN,"[[8.16445039276 ,0.0913852654211 ,3.04454534817e-06], [0.0913852654211 ,8.13504171188 ,6.33111458698e-07], [3.04454534817e-06 ,6.33111458698e-07 ,0.456251463302]]"
gps/filtered,base_link,1697615860.9533017,34.774051713503624,135.51170375133833,97.00891755777691,STATUS_GBAS_FIX,SERVICE_GLONASS,COVARIANCE_TYPE_KNOWN,"[[8.19939462291 ,0.0983772495386 ,3.05094892631e-06], [0.0983772495386 ,8.17806135821 ,5.92085215447e-07], [3.05094892631e-06 ,5.92085215446e-07 ,0.456285315924]]"
gps/filtered,base_link,1697615860.9855158,34.77405174042661,135.5117035352088,97.00830662743674,STATUS_GBAS_FIX,SERVICE_GLONASS,COVARIANCE_TYPE_KNOWN,"[[8.23300831765 ,0.10474042091 ,3.07826998189e-06], [0.10474042091 ,8.21907180219 ,6.25521238729e-07], [3.07826998189e-06 ,6.25521238728e-07 ,0.456317705912]]"
gps/filtered,base_link,1697615861.0516665,34.774055996621335,135.51172450908072,97.00715088521315,STATUS_GBAS_FIX,SERVICE_GLONASS,COVARIANCE_TYPE_KNOWN,"[[5.02601145219 ,0.0465005301899 ,1.90358018601e-06], [0.0465005301899 ,5.03100283575 ,3.39968602901e-07], [1.90358018601e-06 ,3.399686029e-07 ,0.456384130034]]"
gps/filtered,base_link,1697615861.1172998,34.7740560598493,135.5117240048813,97.00358230458338,STATUS_GBAS_FIX,SERVICE_GLONASS,COVARIANCE_TYPE_KNOWN,"[[5.09365019928 ,0.0554801734073 ,2.05275003691e-06], [0.0554801734073 ,5.11245897341 ,5.14564846834e-07], [2.05275003691e-06 ,5.14564846833e-07 ,0.456450287525]]"
gps/filtered,base_link,1697615861.150176,34.77405608133587,135.51172373924462,97.00140787835522,STATUS_GBAS_FIX,SERVICE_GLONASS,COVARIANCE_TYPE_KNOWN,"[[5.12727951964 ,0.0610016150782 ,2.14042186213e-06], [0.0610016150782 ,5.15668551881 ,4.92597471722e-07], [2.14042186213e-06 ,4.92597471721e-07 ,0.456483353567]]"
gps/filtered,base_link,1697615861.1842287,34.7740560862297,135.51172348991346,96.99987517019042,STATUS_GBAS_FIX,SERVICE_GLONASS,COVARIANCE_TYPE_KNOWN,"[[5.16120265988 ,0.0652223675728 ,2.17540224963e-06], [0.0652223675728 ,5.2010968849 ,4.46154586398e-07], [2.17540224962e-06 ,4.46154586398e-07 ,0.456517507971]]"
gps/filtered,base_link,1697615861.251299,34.77405604463576,135.51172298768265,96.9945073066133,STATUS_GBAS_FIX,SERVICE_GLONASS,COVARIANCE_TYPE_KNOWN,"[[5.226305984 ,0.0724098934042 ,2.39524961343e-06], [0.0724098934042 ,5.29119228583 ,5.034418982e-07], [2.39524961343e-06 ,5.03441898199e-07 ,0.456584977234]]"
gps/filtered,base_link,1697615861.3180888,34.77405599110776,135.51172249200607,96.9853673760069,STATUS_GBAS_FIX,SERVICE_GLONASS,COVARIANCE_TYPE_KNOWN,"[[5.29047916726 ,0.0786447705785 ,2.738832603e-06], [0.0786447705785 ,5.38396878038 ,6.45618375441e-07], [2.738832603e-06 ,6.4561837544e-07 ,0.456652268907]]"
gps/filtered,base_link,1697615861.350294,34.77405594631761,135.51172218007588,96.97990372436422,STATUS_GBAS_FIX,SERVICE_GLONASS,COVARIANCE_TYPE_KNOWN,"[[5.32062136867 ,0.0818132333245 ,2.86835589879e-06], [0.0818132333245 ,5.43373565946 ,5.86278220271e-07], [2.86835589879e-06 ,5.8627822027e-07 ,0.456684608299]]"
gps/filtered,base_link,1697615861.3855517,34.774055892695394,135.51172191318108,96.9775143503041,STATUS_GBAS_FIX,SERVICE_GLONASS,COVARIANCE_TYPE_KNOWN,"[[5.35355710265 ,0.0838690214764 ,2.96395620305e-06], [0.0838690214764 ,5.48544569782 ,5.85208829132e-07], [2.96395620305e-06 ,5.85208829131e-07 ,0.456720041087]]"
gps/filtered,base_link,1697615861.452549,34.77405577164805,135.51172140157274,96.9721806513072,STATUS_GBAS_FIX,SERVICE_GLONASS,COVARIANCE_TYPE_KNOWN,"[[5.41596312741 ,0.0866274533745 ,3.13601960394e-06], [0.0866274533745 ,5.5859252828 ,5.40491424764e-07], [3.13601960394e-06 ,5.40491424763e-07 ,0.456787306725]]"
gps/filtered,base_link,1697615861.5177612,34.77405564755223,135.5117209072484,96.96557416240483,STATUS_GBAS_FIX,SERVICE_GLONASS,COVARIANCE_TYPE_KNOWN,"[[5.476574495 ,0.0877149534266 ,3.43054495112e-06], [0.0877149534266 ,5.6860732821 ,6.57629365638e-07], [3.43054495112e-06 ,6.57629365637e-07 ,0.456852987546]]"
gps/filtered,base_link,1697615861.551322,34.77405553906753,135.51172054931834,96.96137702900005,STATUS_GBAS_FIX,SERVICE_GLONASS,COVARIANCE_TYPE_KNOWN,"[[5.50692505874 ,0.0873553287097 ,3.56317514189e-06], [0.0873553287097 ,5.74420616738 ,6.62179395432e-07], [3.56317514189e-06 ,6.62179395431e-07 ,0.456886759245]]"
gps/filtered,base_link,1697615861.5858004,34.77405545924364,135.511720309912,96.95876099364372,STATUS_GBAS_FIX,SERVICE_GLONASS,COVARIANCE_TYPE_KNOWN,"[[5.53849666795 ,0.0862032391267 ,3.67715765201e-06], [0.0862032391267 ,5.80096303191 ,5.65588597452e-07], [3.67715765201e-06 ,5.65588597451e-07 ,0.456921308106]]"
gps/filtered,base_link,1697615861.6166508,34.77405537856957,135.511720075632,96.95598099699997,STATUS_GBAS_FIX,SERVICE_GLONASS,COVARIANCE_TYPE_KNOWN,"[[5.56698833473 ,0.0848130154919 ,3.78254252211e-06], [0.0848130154919 ,5.85098772389 ,5.38531467239e-07], [3.78254252211e-06 ,5.38531467238e-07 ,0.456952287395]]"
gps/filtered,base_link,1697615861.6862993,34.7740551856287,135.51171952512945,96.94813297216481,STATUS_GBAS_FIX,SERVICE_GLONASS,COVARIANCE_TYPE_KNOWN,"[[5.63143285951 ,0.0801883105065 ,4.06476601793e-06], [0.0801883105065 ,5.9686919389 ,4.90379516434e-07], [4.06476601793e-06 ,4.90379516433e-07 ,0.457022228066]]"
gps/filtered,base_link,1697615861.7505922,34.77405496651375,135.51171898372579,96.94231335615684,STATUS_GBAS_FIX,SERVICE_GLONASS,COVARIANCE_TYPE_KNOWN,"[[5.69093013338 ,0.0728064153219 ,4.33681177774e-06], [0.0728064153219 ,6.0812047329 ,4.63765520613e-07], [4.33681177774e-06 ,4.63765520612e-07 ,0.457086904223]]"
gps/filtered,base_link,1697615861.7858706,34.77405484670367,135.51171869046567,96.93854616008237,STATUS_GBAS_FIX,SERVICE_GLONASS,COVARIANCE_TYPE_KNOWN,"[[5.72347375012 ,0.0669562484086 ,4.49292191685e-06], [0.0669562484086 ,6.14935829713 ,3.99504639442e-07], [4.49292191685e-06 ,3.99504639441e-07 ,0.457122336935]]"
gps/filtered,base_link,1697615861.817596,34.774054744133906,135.51171845164922,96.93561390248239,STATUS_GBAS_FIX,SERVICE_GLONASS,COVARIANCE_TYPE_KNOWN,"[[5.75340623595 ,0.0621228340988 ,4.61144045288e-06], [0.0621228340988 ,6.20529922525 ,3.72447672748e-07], [4.61144045288e-06 ,3.72447672747e-07 ,0.457154187151]]"
gps/filtered,base_link,1697615861.8498693,34.77405463338025,135.51171820949457,96.93225082836761,STATUS_GBAS_FIX,SERVICE_GLONASS,COVARIANCE_TYPE_KNOWN,"[[5.78398863612 ,0.0565315398063 ,4.72279074359e-06], [0.0565315398063 ,6.26299352862 ,3.46542898279e-07], [4.72279074359e-06 ,3.46542898278e-07 ,0.457186578969]]"
gps/filtered,base_link,1697615861.9178357,34.77405439025603,135.51171772219618,96.92641370186902,STATUS_GBAS_FIX,SERVICE_GLONASS,COVARIANCE_TYPE_KNOWN,"[[5.84897336599 ,0.0423856627966 ,4.98942688925e-06], [0.0423856627966 ,6.38440351835 ,3.8826509624e-07], [4.98942688925e-06 ,3.88265096239e-07 ,0.45725495837]]"
gps/filtered,base_link,1697615861.985701,34.77405410266666,135.51171714756316,96.92108402866408,STATUS_GBAS_FIX,SERVICE_GLONASS,COVARIANCE_TYPE_KNOWN,"[[5.9147418514 ,0.0234215003097 ,5.21922082184e-06], [0.0234215003097 ,6.51891741018 ,2.89520180927e-07], [5.21922082184e-06 ,2.89520180926e-07 ,0.457323082084]]"
gps/filtered,base_link,1697615862.0199594,34.774064066859005,135.511737418948,96.91761162942672,STATUS_GBAS_FIX,SERVICE_GLONASS,COVARIANCE_TYPE_KNOWN,"[[4.04495519454 ,0.00619853168068 ,3.65512026413e-06], [0.00619853168068 ,4.33568512453 ,1.60743272874e-07], [3.65512026413e-06 ,1.60743272873e-07 ,0.457357482934]]"
gps/filtered,base_link,1697615862.0517673,34.774063981423566,135.51173716659082,96.91512105679107,STATUS_GBAS_FIX,SERVICE_GLONASS,COVARIANCE_TYPE_KNOWN,"[[4.07671167697 ,0.00176580235564 ,3.77683942262e-06], [0.00176580235564 ,4.38837869424 ,1.74238432491e-07], [3.77683942262e-06 ,1.7423843249e-07 ,0.457389496476]]"
gps/filtered,base_link,1697615862.0847685,34.774063891268284,135.51173691326755,96.91319790950398,STATUS_GBAS_FIX,SERVICE_GLONASS,COVARIANCE_TYPE_KNOWN,"[[4.10980707532 ,-0.0032589493387 ,3.84623041769e-06], [-0.0032589493387 ,4.44335956783 ,7.42130999725e-08], [3.84623041769e-06 ,7.42130999716e-08 ,0.457422543302]]"
gps/filtered,base_link,1697615862.1508489,34.77406369882081,135.51173639855307,96.90897856847667,STATUS_GBAS_FIX,SERVICE_GLONASS,COVARIANCE_TYPE_KNOWN,"[[4.17658600357 ,-0.0148836393 ,4.02146119253e-06], [-0.0148836393 ,4.55666990477 ,7.01020771061e-08], [4.02146119254e-06 ,7.01020771052e-08 ,0.45748902095]]"
gps/filtered,base_link,1697615862.2195234,34.77406348118484,135.5117357837793,96.90122085237178,STATUS_GBAS_FIX,SERVICE_GLONASS,COVARIANCE_TYPE_KNOWN,"[[4.24685383998 ,-0.0298066349271 ,4.30908259102e-06], [-0.0298066349271 ,4.68484337387 ,-2.94411488137e-08], [4.30908259102e-06 ,-2.94411488147e-08 ,0.457558007481]]"
gps/filtered,base_link,1697615863.3855658,34.77407076696777,135.51174467363433,96.86097512975192,STATUS_GBAS_FIX,SERVICE_GLONASS,COVARIANCE_TYPE_KNOWN,"[[4.05149878849 ,-0.27484230847 ,5.20687374572e-06], [-0.27484230847 ,4.94770629132 ,-2.04099080603e-06], [5.20687374573e-06 ,-2.04099080603e-06 ,0.458728861063]]"
gps/filtered,base_link,1697615863.4527967,34.774070620812715,135.51174403997717,96.86066725412239,STATUS_GBAS_FIX,SERVICE_GLONASS,COVARIANCE_TYPE_KNOWN,"[[4.1263799938 ,-0.30166365769 ,5.28567663148e-06], [-0.30166365769 ,5.10899461688 ,-2.28031116544e-06], [5.28567663148e-06 ,-2.28031116544e-06 ,0.458796305006]]"
gps/filtered,base_link,1697615863.518561,34.77407048886297,135.51174350129597,96.86084173343232,STATUS_GBAS_FIX,SERVICE_GLONASS,COVARIANCE_TYPE_KNOWN,"[[4.19955453285 ,-0.326752076619 ,5.3522791107e-06], [-0.326752076619 ,5.25961659877 ,-2.48750729259e-06], [5.3522791107e-06 ,-2.48750729259e-06 ,0.458862317699]]"
gps/filtered,base_link,1697615863.550346,34.77407042225733,135.51174323850003,96.86011214411991,STATUS_GBAS_FIX,SERVICE_GLONASS,COVARIANCE_TYPE_KNOWN,"[[4.23508758015 ,-0.339282686722 ,5.34031259225e-06], [-0.339282686722 ,5.33324070983 ,-2.43479720483e-06], [5.34031259225e-06 ,-2.43479720483e-06 ,0.458894558828]]"
gps/filtered,base_link,1697615863.585571,34.774070347415915,135.51174294884882,96.85965042712635,STATUS_GBAS_FIX,SERVICE_GLONASS,COVARIANCE_TYPE_KNOWN,"[[4.27434006194 ,-0.35313156712 ,5.4387235269e-06], [-0.35313156712 ,5.41607221982 ,-2.64295675739e-06], [5.4387235269e-06 ,-2.64295675739e-06 ,0.458929665621]]"
gps/filtered,base_link,1697615863.6196024,34.77407029192899,135.51174267246756,96.85787871404219,STATUS_GBAS_FIX,SERVICE_GLONASS,COVARIANCE_TYPE_KNOWN,"[[4.31173674347 ,-0.365663763337 ,5.52729367436e-06], [-0.365663763337 ,5.49661107006 ,-2.75506509291e-06], [5.52729367436e-06 ,-2.75506509291e-06 ,0.458963812728]]"
gps/filtered,base_link,1697615863.685777,34.77407017065598,135.51174204290254,96.85602234165088,STATUS_GBAS_FIX,SERVICE_GLONASS,COVARIANCE_TYPE_KNOWN,"[[4.38523665755 ,-0.393921755717 ,5.64073000142e-06], [-0.393921755717 ,5.67094458591 ,-2.9918828296e-06], [5.64073000142e-06 ,-2.9918828296e-06 ,0.459030213158]]"
gps/filtered,base_link,1697615863.753077,34.774070065012836,135.51174149052753,96.85580700984717,STATUS_GBAS_FIX,SERVICE_GLONASS,COVARIANCE_TYPE_KNOWN,"[[4.45905799193 ,-0.41934574587 ,5.70598446539e-06], [-0.41934574587 ,5.83653267561 ,-3.1545359494e-06], [5.7059844654e-06 ,-3.15453594941e-06 ,0.45909784271]]"
gps/filtered,base_link,1697615863.7855444,34.77407002173031,135.51174121658065,96.85673440781103,STATUS_GBAS_FIX,SERVICE_GLONASS,COVARIANCE_TYPE_KNOWN,"[[4.49439951668 ,-0.431351054133 ,5.68898775107e-06], [-0.431351054133 ,5.91804066165 ,-3.20491865121e-06], [5.68898775107e-06 ,-3.20491865122e-06 ,0.459130478699]]"
gps/filtered,base_link,1697615863.8194482,34.77406997637905,135.51174092344556,96.8578744826626,STATUS_GBAS_FIX,SERVICE_GLONASS,COVARIANCE_TYPE_KNOWN,"[[4.53124672891 ,-0.444283338301 ,5.65876304388e-06], [-0.444283338301 ,6.00678369305 ,-3.29293201589e-06], [5.65876304388e-06 ,-3.29293201589e-06 ,0.459164521423]]"
gps/filtered,base_link,1697615863.8855221,34.77406989850794,135.51174029185634,96.86020768627279,STATUS_GBAS_FIX,SERVICE_GLONASS,COVARIANCE_TYPE_KNOWN,"[[4.6026814189 ,-0.470655333653 ,5.64547843554e-06], [-0.470655333653 ,6.19340045845 ,-3.52769616512e-06], [5.64547843554e-06 ,-3.52769616512e-06 ,0.459230808337]]"
gps/filtered,base_link,1697615863.916745,34.77406987217834,135.5117400232399,96.86105332382391,STATUS_GBAS_FIX,SERVICE_GLONASS,COVARIANCE_TYPE_KNOWN,"[[4.63555832762 ,-0.480822647294 ,5.62350866526e-06], [-0.480822647294 ,6.27683760735 ,-3.60786300246e-06], [5.62350866526e-06 ,-3.60786300246e-06 ,0.459262140355]]"
gps/filtered,base_link,1697615863.9533377,34.774069847024045,135.5117397194357,96.86172282112854,STATUS_GBAS_FIX,SERVICE_GLONASS,COVARIANCE_TYPE_KNOWN,"[[4.67397290604 ,-0.492558880879 ,5.61955750916e-06], [-0.492558880879 ,6.37522260667 ,-3.73385656961e-06], [5.61955750916e-06 ,-3.73385656961e-06 ,0.459298844142]]"
gps/filtered,base_link,1697615863.986445,34.77407867481157,135.51175738286793,96.8610234265642,STATUS_GBAS_FIX,SERVICE_GLONASS,COVARIANCE_TYPE_KNOWN,"[[3.41716136751 ,-0.240386783618 ,4.0487571653e-06], [-0.240386783618 ,4.26733043824 ,-2.40861617515e-06], [4.0487571653e-06 ,-2.40861617515e-06 ,0.45933220264]]"
